1
5 5 5
741830 256955 702464 537247 308697
3 2 4 1 118909
3 1 4 2 887658
4 1 5 4 159738
1 1 3 3 17981
1 5 3 3 219084
* Correct answer is 714533.

1
5 5 5
428198 435792 670517 244351 546149
1 5 5 4 490354
1 3 2 2 788064
3 4 5 4 113226
2 4 3 3 10790
4 1 5 2 512396
* The above is a test case that I cheatingly know breaks my code.
* Correct answer should be 1768587.

4
5 3 3
5 17 8 1 4
1 3 3 3 4
3 1 5 2 5
3 2 5 1 6
6 3 3
5 17 8 1 4 2
1 3 3 3 4
3 1 5 2 5
3 2 5 1 6
5 3 1
5 17 8 1 4
1 3 5 3 100
5 5 5
3 2 3 7 5
3 5 4 2 1
2 2 5 4 5
4 4 5 2 3
1 2 4 2 2
3 3 5 2 4

1
5 3 3
5 17 8 1 4
1 3 3 3 4
3 1 5 2 5
3 2 5 1 6

