13 4
23 3
27 1
30 1
24 2
16 3
31 0
31 1
8 4
26 4
31 2
28 1
22 0
15 4
28 3
0 2
21 3
23 2
12 3
9 0
12 2
18 0
0 3
27 3
7 2
6 0
21 2
27 4
0 0
3 2
1 4
13 2
16 0
24 3
21 4
25 3
31 4
11 0
29 4
3 1
15 3
10 1
6 1
6 2
12 1
25 1
23 4
3 0
3 4
8 1
1 1
27 2
17 1
7 3
1 2
23 1
5 2
27 0
22 4
5 1
10 2
26 1
17 4
17 0
4 2
20 2
7 1
21 1
6 3
19 3
2 3
15 2
0 1
29 3
14 3
22 3
14 4
2 1
19 1
30 0
24 0
20 0
4 0
18 4
17 3
18 1
10 4
0 4
5 0
8 2
11 4
10 3
13 0
26 2
13 3
11 1
1 0
8 0
7 4
3 3
13 1
16 2
22 1
20 4
4 4
21 0
25 4
22 2
16 1
28 2
19 4
2 4
16 4
31 3
2 0
19 0
2 2
19 2
12 4
11 2
29 0
14 0
8 3
9 1
1 3
26 0
7 0
26 3
9 2
15 1
18 2
5 4
25 2
4 1
20 1
25 0
12 0
15 0
6 4
5 3
11 3
23 0
9 3
10 0
14 1
29 1
9 4
17 2
14 2
29 2
30 4
18 3
28 0
24 4
20 3
28 4
4 3
30 2
30 3
24 1
